0 13
1 12
2 10
3 14
4 9
5 9
6 5
7 9
8 15
9 3
10 12
11 1
12 18
13 8
14 10
15 14
16 13
17 12
18 4
19 13
20 7
21 2
22 12
23 12
24 3
25 2
26 11
27 15
28 16
29 12
30 8
31 7
32 18
33 13
34 7
35 9
36 15
37 5
38 13
39 13
40 0
41 9
42 10
43 12
44 9
45 12
46 13
47 18
48 12
49 13
50 5
51 8
52 7
53 10
54 18
55 7
56 10
57 16
58 0
59 15
60 4
61 2
62 16
63 10
64 13
65 1
66 1
67 8
68 18
69 14
70 15
71 13
72 4
73 2
74 2
75 2
76 6
77 0
78 6
79 18
80 8
81 7
82 13
83 5
84 14
85 18
86 18
87 0
88 13
89 12
90 15
91 6
92 15
93 12
94 1
95 13
96 12
97 11
98 10
99 13
100 13
101 18
102 9
103 8
104 0
105 13
106 0
107 2
108 8
109 10
110 1
111 16
112 5
113 18
114 5
115 9
116 3
117 12
118 0
119 9
120 13
121 6
122 9
123 0
124 6
125 13
126 8
127 3
128 5
129 18
130 12
131 9
132 16
133 9
134 15
135 9
136 12
137 3
138 13
139 5
140 9
141 9
142 21
143 5
144 18
145 8
146 0
147 12
148 7
149 18
150 13
151 13
152 15
153 1
154 6
155 0
156 3
157 13
158 0
159 9
160 18
161 21
162 0
163 13
164 12
165 15
166 0
167 15
168 5
169 0
170 10
171 12
172 9
173 15
174 0
175 16
176 0
177 0
178 1
179 12
180 5
181 1
182 10
183 5
184 0
185 13
186 12
187 12
188 21
189 9
190 2
191 4
192 16
193 7
194 12
195 0
196 5
197 14
198 0
199 8
200 3
201 1
202 13
203 8
204 12
205 18
206 16
207 0
208 16
209 13
210 4
211 0
212 16
213 12
214 13
215 12
216 2
217 7
218 5
219 18
220 0
221 10
222 14
223 9
224 10
225 0
226 21
227 13
228 1
229 9
230 2
231 18
232 0
233 9
234 2
235 7
236 5
237 0
238 13
239 10
240 9
241 12
242 13
243 12
244 12
245 16
246 21
247 9
248 7
249 4
250 0
251 9
252 3
253 0
254 18
255 18
256 6
257 1
258 8
259 18
260 13
261 9
262 1
263 1
264 15
265 18
266 4
267 8
268 7
269 6
270 17
271 18
272 13
273 14
274 14
275 13
276 3
277 0
278 0
279 21
280 14
281 12
282 14
283 0
284 0
285 18
286 10
287 10
288 7
289 10
290 4
291 13
292 10
293 0
294 14
295 0
296 13
297 18
298 1
299 1
300 4
301 2
302 9
303 3
304 4
305 9
306 21
307 18
308 18
309 0
310 12
311 8
312 9
313 21
314 0
315 16
316 13
317 0
318 14
319 0
320 7
321 13
322 12
323 4
324 9
325 0
326 9
327 4
328 18
329 13
330 12
331 9
332 2
333 6
334 18
335 9
336 19
337 4
338 9
339 16
340 9
341 9
342 8
343 18
344 8
345 9
346 1
347 16
348 21
349 9
350 0
351 9
352 6
353 13
354 9
355 9
356 2
357 9
358 8
359 18
360 12
361 0
362 13
363 12
364 1
365 1
366 3
367 1
368 2
369 12
370 13
371 0
372 4
373 1
374 1
375 18
376 8
377 12
378 16
379 9
380 3
381 12
382 18
383 20
384 2
385 12
386 9
387 5
388 1
389 5
390 9
391 12
392 3
393 7
394 14
395 2
396 9
397 4
398 7
399 14
400 18
401 1
402 0
403 1
404 16
405 4
406 16
407 13
408 12
409 13
410 6
411 13
412 18
413 12
414 18
415 18
416 2
417 12
418 13
419 10
420 5
421 18
422 0
423 13
424 14
425 13
426 8
427 8
428 16
429 13
430 12
431 9
432 14
433 13
434 12
435 0
436 8
437 16
438 9
439 13
440 8
441 5
442 4
443 14
444 0
445 3
446 13
447 12
448 6
449 21
450 18
451 9
452 18
453 10
454 0
455 12
456 2
457 9
458 0
459 6
460 2
461 1
462 13
463 2
464 7
465 4
466 10
467 12
468 0
469 9
470 11
471 21
472 13
473 16
474 12
475 14
476 13
477 0
478 18
479 9
480 18
481 5
482 9
483 2
484 9
485 15
486 5
487 6
488 9
489 7
490 4
491 13
492 5
493 7
494 3
495 16
496 2
497 12
498 12
499 0
500 13
501 14
502 12
503 13
504 18
505 9
506 13
507 0
508 0
509 18
510 14
511 9
512 9
513 1
514 18
515 12
516 13
517 12
518 12
519 0
520 12
521 0
522 13
523 4
524 21
525 9
526 15
527 9
528 12
529 0
530 0
531 21
532 5
533 0
534 21
535 9
536 18
537 15
538 14
539 15
540 3
541 7
542 5
543 4
544 21
545 9
546 7
547 0
548 6
549 0
550 0
551 14
552 21
553 9
554 0
555 12
556 6
557 16
558 16
559 3
560 21
561 10
562 18
563 13
564 13
565 2
566 0
567 9
568 12
569 9
570 0
571 11
572 12
573 10
574 13
575 7
576 6
577 9
578 21
579 13
580 5
581 12
582 6
583 9
584 21
585 12
586 12
587 5
588 16
589 16
590 18
591 15
592 2
593 1
594 5
595 6
596 18
597 18
598 12
599 8
600 13
601 15
602 4
603 1
604 12
605 10
606 13
607 0
608 18
609 12
610 7
611 19
612 21
613 4
614 3
615 16
616 0
617 0
618 8
619 0
620 15
621 15
622 9
623 9
624 6
625 13
626 4
627 12
628 15
629 6
630 10
631 2
632 18
633 13
634 5
635 14
636 6
637 0
638 15
639 9
640 9
641 5
642 5
643 9
644 3
645 13
646 10
647 7
648 6
649 8
650 12
651 2
652 0
653 18
654 18
655 13
656 18
657 13
658 16
659 13
660 21
661 10
662 3
663 13
664 5
665 18
666 18
667 12
668 12
669 13
670 10
671 12
672 15
673 0
674 18
675 12
676 15
677 3
678 7
679 4
680 10
681 8
682 2
683 13
684 8
685 16
686 18
687 18
688 21
689 14
690 5
691 6
692 4
693 9
694 18
695 13
696 13
697 21
698 8
699 9
700 7
701 18
702 5
703 21
704 1
705 7
706 14
707 6
708 7
709 9
710 12
711 4
712 18
713 10
714 13
715 12
716 5
717 8
718 16
719 10
720 18
721 7
722 3
723 2
724 6
725 3
726 3
727 7
728 13
729 13
730 0
731 0
732 11
733 8
734 13
735 13
736 18
737 12
738 12
739 10
740 15
741 9
742 13
743 18
744 4
745 18
746 5
747 7
748 18
749 13
750 14
751 18
752 0
753 12
754 7
755 3
756 21
757 12
758 0
759 18
760 18
761 7
762 10
763 9
764 8
765 4
766 18
767 13
768 8
769 6
770 16
771 12
772 9
773 0
774 9
775 16
776 18
777 13
778 13
779 14
780 14
781 18
782 18
783 13
784 16
785 0
786 13
787 13
788 12
789 12
790 13
791 13
792 3
793 4
794 0
795 4
796 7
797 4
798 18
799 5
800 9
801 4
802 12
803 12
804 18
805 18
806 15
807 18
808 5
809 9
810 13
811 8
812 13
813 13
814 4
815 18
816 18
817 18
818 18
819 4
820 12
821 15
822 4
823 9
824 13
825 10
826 17
827 21
828 15
829 18
830 18
831 7
832 9
833 1
834 7
835 7
836 5
837 12
838 10
839 9
840 10
841 13
842 18
843 18
844 10
845 6
846 5
847 5
848 9
849 0
850 9
851 12
852 2
853 12
854 1
855 13
856 9
857 13
858 21
859 13
860 12
861 8
862 1
863 9
864 0
865 0
866 6
867 21
868 0
869 12
870 21
871 0
872 9
873 12
874 1
875 12
876 6
877 2
878 13
879 21
880 14
881 11
882 0
883 14
884 6
885 9
886 9
887 18
888 21
889 7
890 12
891 14
892 7
893 12
894 9
895 11
896 12
897 18
898 15
899 9
900 3
901 10
902 18
903 12
904 12
905 9
906 13
907 2
908 13
909 18
910 0
911 12
912 0
913 9
914 14
915 12
916 12
917 0
918 14
919 21
920 9
921 12
922 0
923 1
924 7
925 0
926 4
927 21
928 6
929 0
930 12
931 12
932 21
933 15
934 12
935 7
936 13
937 13
938 0
939 8
940 8
941 0
942 9
943 14
944 0
945 21
946 5
947 16
948 13
949 9
950 15
951 2
952 0
953 13
954 3
955 8
956 0
957 1
958 9
959 0
960 13
961 10
962 15
963 12
964 5
965 9
966 21
967 21
968 12
969 9
970 6
971 12
972 14
973 9
974 9
975 9
976 7
977 0
978 12
979 4
980 3
981 12
982 14
983 9
984 18
985 0
986 12
987 7
988 18
989 16
990 21
991 3
992 9
993 18
994 15
995 13
996 1
997 12
998 6
999 3
1000 12
1001 4
1002 18
1003 12
1004 18
1005 0
1006 13
1007 13
1008 13
1009 14
1010 0
1011 10
1012 1
1013 8
1014 2
1015 8
1016 15
1017 21
1018 12
1019 16
1020 0
1021 13
1022 7
1023 7
1024 0
1025 21
1026 12
1027 8
1028 6
1029 1
1030 12
1031 9
1032 18
1033 9
1034 21
1035 8
1036 13
1037 0
1038 4
1039 8
1040 7
1041 8
1042 12
1043 3
1044 0
1045 10
1046 5
1047 14
1048 16
1049 5
1050 18
1051 14
1052 13
1053 0
1054 18
1055 16
1056 15
1057 13
1058 0
1059 2
1060 20
1061 12
1062 5
1063 0
1064 9
1065 5
1066 7
1067 12
1068 21
1069 9
1070 18
1071 12
1072 21
1073 9
1074 1
1075 14
1076 8
1077 9
1078 0
1079 9
1080 1
1081 9
1082 2
1083 13
1084 0
1085 5
1086 10
1087 4
1088 9
1089 9
1090 0
1091 9
1092 15
1093 1
1094 18
1095 0
1096 9
1097 4
1098 9
1099 14
1100 4
1101 18
1102 12
1103 18
1104 2
1105 5
1106 2
1107 15
1108 12
1109 11
1110 0
1111 0
1112 9
1113 0
1114 16
1115 5
1116 9
1117 10
1118 12
1119 5
1120 15
1121 2
1122 12
1123 3
1124 16
1125 16
1126 2
1127 0
1128 9
1129 12
1130 18
1131 18
1132 6
1133 21
1134 18
1135 0
1136 0
1137 6
1138 5
1139 1
1140 0
1141 21
1142 18
1143 4
1144 0
1145 18
1146 8
1147 5
1148 18
1149 6
1150 12
1151 12
1152 0
1153 9
1154 13
1155 14
1156 10
1157 16
1158 14
1159 18
1160 7
1161 0
1162 7
1163 14
1164 10
1165 4
1166 0
1167 19
1168 5
1169 8
1170 7
1171 8
1172 21
1173 13
1174 18
1175 0
1176 12
1177 14
1178 0
1179 9
1180 0
1181 3
1182 15
1183 5
1184 10
1185 10
1186 7
1187 18
1188 21
1189 8
1190 13
1191 1
1192 8
1193 10
1194 0
1195 6
1196 14
1197 18
1198 18
1199 21
1200 9
1201 9
1202 21
1203 9
1204 6
1205 0
1206 14
1207 8
1208 8
1209 12
1210 2
1211 7
1212 15
1213 0
1214 9
1215 15
1216 13
1217 9
1218 18
1219 13
1220 6
1221 5
1222 4
1223 21
1224 12
1225 18
1226 15
1227 0
1228 18
1229 9
1230 13
1231 8
1232 8
1233 14
1234 21
1235 21
1236 9
1237 0
1238 3
1239 2
1240 4
1241 13
1242 0
1243 16
1244 14
1245 4
1246 1
1247 18
1248 3
1249 13
1250 12
1251 0
1252 13
1253 12
1254 12
1255 0
1256 21
1257 18
1258 9
1259 18
1260 3
1261 10
1262 6
1263 9
1264 21
1265 21
1266 21
1267 9
1268 2
1269 12
1270 13
1271 18
1272 9
1273 13
1274 9
1275 21
1276 14
1277 0
1278 0
1279 21
1280 3
1281 6
1282 4
1283 9
1284 0
1285 3
1286 5
1287 8
1288 1
1289 6
1290 0
1291 19
1292 14
1293 4
1294 4
1295 18
1296 4
1297 1
1298 13
1299 9
1300 0
1301 12
1302 16
1303 3
1304 6
1305 1
1306 10
1307 9
1308 0
1309 18
1310 9
1311 13
1312 8
1313 15
1314 5
1315 9
1316 12
1317 13
1318 18
1319 10
1320 19
1321 17
1322 9
1323 13
1324 14
1325 9
1326 16
1327 0
1328 18
1329 4
1330 16
1331 12
1332 7
1333 16
1334 9
1335 4
1336 2
1337 9
1338 0
1339 18
1340 9
1341 0
1342 9
1343 9
1344 13
1345 13
1346 2
1347 2
1348 13
1349 9
1350 0
1351 12
1352 12
1353 21
1354 5
1355 18
1356 1
1357 5
1358 1
1359 0
1360 12
1361 12
1362 15
1363 10
1364 0
1365 9
1366 12
1367 0
1368 0
1369 9
1370 6
1371 3
1372 7
1373 0
1374 13
1375 1
1376 14
1377 12
1378 21
1379 6
1380 9
1381 18
1382 18
1383 0
1384 9
1385 15
1386 0
1387 9
1388 0
1389 18
1390 0
1391 12
1392 14
1393 12
1394 0
1395 1
1396 2
1397 0
1398 13
1399 4
1400 5
1401 18
1402 13
1403 0
1404 18
1405 12
1406 9
1407 13
1408 15
1409 12
1410 18
1411 9
1412 10
1413 18
1414 10
1415 0
1416 3
1417 12
1418 5
1419 13
1420 0
1421 12
1422 13
1423 6
1424 9
1425 3
1426 9
1427 7
1428 0
1429 9
1430 2
1431 15
1432 9
1433 18
1434 14
1435 13
1436 12
1437 1
1438 9
1439 0
1440 0
1441 18
1442 12
1443 13
1444 12
1445 21
1446 0
1447 0
1448 3
1449 9
1450 16
1451 2
1452 13
1453 13
1454 14
1455 12
1456 14
1457 7
1458 9
1459 7
1460 9
1461 18
1462 18
1463 8
1464 7
1465 12
1466 0
1467 0
1468 12
1469 3
1470 12
1471 9
1472 9
1473 18
1474 12
1475 4
1476 0
1477 12
1478 9
1479 10
1480 12
1481 0
1482 0
1483 8
1484 6
1485 9
1486 1
1487 0
1488 5
1489 18
1490 9
1491 3
1492 0
1493 12
1494 10
1495 0
1496 14
1497 4
1498 13
1499 2
1500 12
1501 15
1502 18
1503 21
1504 4
1505 7
1506 16
1507 3
1508 0
1509 0
1510 18
1511 18
1512 9
1513 12
1514 21
1515 0
1516 0
1517 16
1518 0
1519 16
1520 1
1521 10
1522 2
1523 13
1524 21
1525 7
1526 2
1527 9
1528 9
1529 16
1530 18
1531 13
1532 13
1533 15
1534 18
1535 1
1536 0
1537 8
1538 7
1539 14
1540 5
1541 3
1542 4
1543 13
1544 3
1545 7
1546 15
1547 21
1548 9
1549 0
1550 9
1551 7
1552 10
1553 6
1554 1
1555 18
1556 12
1557 18
1558 4
1559 14
1560 21
1561 6
1562 13
1563 4
1564 0
1565 12
1566 13
1567 10
1568 13
1569 13
1570 1
1571 6
1572 20
1573 4
1574 10
1575 2
1576 16
1577 6
1578 18
1579 9
1580 0
1581 18
1582 1
1583 18
1584 9
1585 13
1586 18
1587 1
1588 1
1589 12
1590 1
1591 18
1592 21
1593 3
1594 9
1595 15
1596 1
1597 6
1598 18
1599 1
1600 4
1601 7
1602 12
1603 12
1604 18
1605 2
1606 8
1607 3
1608 1
1609 2
1610 9
1611 0
1612 18
1613 15
1614 5
1615 4
1616 13
1617 0
1618 13
1619 9
1620 18
1621 9
1622 18
1623 18
1624 0
1625 9
1626 21
1627 18
1628 4
1629 12
1630 16
1631 0
1632 2
1633 1
1634 12
1635 18
1636 0
1637 18
1638 13
1639 2
1640 5
1641 13
1642 12
1643 18
1644 0
1645 9
1646 16
1647 13
1648 16
1649 6
1650 4
1651 13
1652 6
1653 10
1654 13
1655 16
1656 16
1657 0
1658 9
1659 6
1660 12
1661 13
1662 0
1663 9
1664 0
1665 9
1666 0
1667 0
1668 13
1669 10
1670 16
1671 0
1672 13
1673 0
1674 9
1675 12
1676 9
1677 18
1678 21
1679 14
1680 8
1681 13
1682 6
1683 0
1684 6
1685 0
1686 8
1687 15
1688 4
1689 12
1690 0
1691 2
1692 1
1693 6
1694 18
1695 12
1696 13
1697 16
1698 9
1699 5
1700 12
1701 18
1702 5
1703 0
1704 0
1705 21
1706 5
1707 15
1708 10
1709 21
1710 9
1711 8
1712 9
1713 7
1714 9
1715 4
1716 2
1717 18
1718 2
1719 3
1720 10
1721 18
1722 9
1723 12
1724 9
1725 13
1726 0
1727 7
1728 0
1729 0
1730 5
1731 1
1732 9
1733 7
1734 21
1735 3
1736 12
1737 7
1738 6
1739 5
1740 12
1741 13
1742 12
1743 14
1744 21
1745 18
1746 4
1747 9
1748 0
1749 13
1750 7
1751 13
1752 12
1753 21
1754 16
1755 7
1756 14
1757 13
1758 16
1759 0
1760 18
1761 13
1762 7
1763 12
1764 12
1765 9
1766 4
1767 2
1768 12
1769 9
1770 10
1771 21
1772 12
1773 19
1774 21
1775 0
1776 9
1777 21
1778 9
1779 0
1780 9
1781 18
1782 6
1783 13
1784 0
1785 2
1786 16
1787 16
1788 21
1789 10
1790 16
1791 6
1792 3
1793 2
1794 15
1795 5
1796 10
1797 12
1798 13
1799 18
1800 18
1801 10
1802 7
1803 12
1804 6
1805 4
1806 15
1807 13
1808 16
1809 3
1810 9
1811 18
1812 9
1813 14
1814 13
1815 10
1816 21
1817 10
1818 12
1819 14
1820 0
1821 5
1822 4
1823 0
1824 18
1825 0
1826 8
1827 9
1828 13
1829 21
1830 9
1831 0
1832 1
1833 13
1834 15
1835 3
1836 13
1837 18
1838 4
1839 16
1840 8
1841 12
1842 18
1843 0
1844 16
1845 0
1846 13
1847 6
1848 18
1849 14
1850 9
1851 18
1852 15
1853 18
1854 6
1855 13
1856 12
1857 6
1858 16
1859 16
1860 2
1861 0
1862 3
1863 13
1864 10
1865 9
1866 5
1867 7
1868 12
1869 12
1870 0
1871 6
1872 8
1873 7
1874 9
1875 13
1876 18
1877 0
1878 9
1879 0
1880 8
1881 12
1882 20
1883 12
1884 21
1885 7
1886 8
1887 1
1888 12
1889 21
1890 0
1891 8
1892 13
1893 18
1894 12
1895 0
1896 18
1897 18
1898 18
1899 7
1900 18
1901 4
1902 18
1903 13
1904 9
1905 21
1906 2
1907 14
1908 7
1909 5
1910 8
1911 18
1912 1
1913 6
1914 12
1915 9
1916 12
1917 1
1918 13
1919 8
1920 18
1921 6
1922 0
1923 16
1924 11
1925 18
1926 9
1927 21
1928 9
1929 12
1930 9
1931 0
1932 0
1933 13
1934 0
1935 21
1936 0
1937 9
1938 7
1939 15
1940 0
1941 4
1942 10
1943 18
1944 9
1945 7
1946 5
1947 15
1948 12
1949 15
1950 9
1951 12
1952 8
1953 8
1954 18
1955 18
1956 8
1957 16
1958 10
1959 18
1960 12
1961 5
1962 12
1963 4
1964 7
1965 1
1966 13
1967 7
1968 2
1969 6
1970 1
1971 3
1972 18
1973 21
1974 16
1975 12
1976 10
1977 2
1978 10
1979 14
1980 4
1981 8
1982 21
1983 9
1984 4
1985 18
1986 9
1987 3
1988 4
1989 13
1990 10
1991 14
1992 2
1993 2
1994 0
1995 18
1996 13
1997 12
1998 5
1999 18
2000 10
2001 13
2002 10
2003 3
2004 6
2005 4
2006 21
2007 6
2008 13
2009 13
2010 4
2011 21
2012 7
2013 18
2014 3
2015 6
2016 3
2017 16
2018 8
2019 10
2020 16
2021 9
2022 9
2023 8
2024 14
2025 3
2026 2
2027 18
2028 18
2029 15
2030 18
2031 13
2032 0
2033 8
2034 0
2035 5
2036 13
2037 18
2038 9
2039 12
2040 10
2041 13
2042 0
2043 9
2044 3
2045 3
2046 8
2047 17
2048 0
2049 12
2050 0
2051 13
2052 9
2053 8
2054 9
2055 12
2056 2
2057 7
2058 18
2059 0
2060 13
2061 1
2062 13
2063 0
2064 18
2065 5
2066 0
2067 12
2068 2
2069 14
2070 5
2071 2
2072 6
2073 9
2074 18
2075 0
2076 4
2077 8
2078 4
2079 18
2080 0
2081 12
2082 0
2083 14
2084 10
2085 18
2086 12
2087 0
2088 0
2089 12
2090 16
2091 13
2092 15
2093 13
2094 14
2095 9
2096 9
2097 0
2098 16
2099 21
2100 0
2101 8
2102 0
2103 0
2104 13
2105 14
2106 9
2107 4
2108 14
2109 4
2110 10
2111 9
2112 8
2113 10
2114 7
2115 18
2116 9
2117 21
2118 5
2119 13
2120 13
2121 21
2122 12
2123 15
2124 18
2125 2
2126 9
2127 12
2128 12
2129 13
2130 12
2131 9
2132 17
2133 9
2134 12
2135 7
2136 11
2137 4
2138 4
2139 2
2140 18
2141 11
2142 6
2143 9
2144 9
2145 21
2146 18
2147 19
2148 3
2149 18
2150 12
2151 5
2152 12
2153 18
2154 5
2155 21
2156 15
2157 10
2158 8
2159 16
2160 21
2161 5
2162 10
2163 13
2164 5
2165 13
2166 21
2167 19
2168 12
2169 9
2170 14
2171 18
2172 0
2173 0
2174 10
2175 1
2176 7
2177 12
2178 10
2179 4
2180 9
2181 7
2182 13
2183 18
2184 16
2185 1
2186 3
2187 18
2188 1
2189 13
2190 0
2191 18
2192 18
2193 8
2194 10
2195 10
2196 12
2197 9
2198 19
2199 12
2200 12
2201 16
2202 4
2203 4
2204 4
2205 3
2206 12
2207 7
2208 1
2209 8
2210 13
2211 12
2212 5
2213 0
2214 16
2215 0
2216 0
2217 5
2218 18
2219 16
2220 12
2221 3
2222 9
2223 9
2224 3
2225 0
2226 21
2227 8
2228 10
2229 13
2230 12
2231 1
2232 0
2233 12
2234 12
2235 3
2236 0
2237 7
2238 13
2239 0
2240 7
2241 12
2242 13
2243 21
2244 18
2245 6
2246 1
2247 0
2248 18
2249 7
2250 6
2251 0
2252 1
2253 18
2254 15
2255 12
2256 12
2257 14
2258 6
2259 6
2260 13
2261 14
2262 0
2263 0
2264 18
2265 10
2266 12
2267 7
2268 6
2269 0
2270 10
2271 10
2272 18
2273 9
2274 4
2275 7
2276 9
2277 10
2278 3
2279 12
2280 5
2281 12
2282 21
2283 15
2284 18
2285 9
2286 0
2287 13
2288 7
2289 0
2290 7
2291 13
2292 9
2293 9
2294 6
2295 8
2296 9
2297 12
2298 13
2299 4
2300 9
2301 2
2302 18
2303 0
2304 16
2305 1
2306 14
2307 6
2308 13
2309 13
2310 4
2311 5
2312 9
2313 13
2314 4
2315 16
2316 13
2317 0
2318 5
2319 18
2320 18
2321 3
2322 3
2323 3
2324 9
2325 18
2326 9
2327 15
2328 10
2329 13
2330 7
2331 5
2332 0
2333 0
2334 13
2335 18
2336 9
2337 4
2338 13
2339 6
2340 12
2341 9
2342 3
2343 4
2344 14
2345 8
2346 7
2347 16
2348 2
2349 18
2350 0
2351 21
2352 13
2353 21
2354 0
2355 13
2356 10
2357 3
2358 0
2359 0
2360 4
2361 18
2362 0
2363 10
2364 9
2365 2
2366 13
2367 6
2368 2
2369 8
2370 14
2371 18
2372 18
2373 21
2374 2
2375 12
2376 10
2377 9
2378 13
2379 0
2380 0
2381 2
2382 13
2383 18
2384 16
2385 3
2386 18
2387 12
2388 18
2389 9
2390 16
2391 15
2392 3
2393 5
2394 12
2395 4
2396 18
2397 8
2398 18
2399 11
2400 5
2401 5
2402 1
2403 9
2404 0
2405 18
2406 13
2407 10
2408 8
2409 12
2410 9
2411 18
2412 9
2413 8
2414 8
2415 0
2416 1
2417 0
2418 8
2419 0
2420 12
2421 10
2422 13
2423 4
2424 0
2425 2
2426 13
2427 12
2428 18
2429 8
2430 0
2431 1
2432 9
2433 13
2434 9
2435 9
2436 10
2437 6
2438 6
2439 10
2440 13
2441 10
2442 2
2443 10
2444 15
2445 18
2446 7
2447 0
2448 14
2449 0
2450 9
2451 9
2452 12
2453 4
2454 13
2455 7
2456 9
2457 6
2458 4
2459 10
2460 16
2461 18
2462 0
2463 9
2464 12
2465 12
2466 18
2467 5
2468 12
2469 0
2470 10
2471 6
2472 7
2473 12
2474 18
2475 18
2476 21
2477 18
2478 18
2479 12
2480 13
2481 0
2482 18
2483 10
2484 5
2485 4
2486 1
2487 10
2488 15
2489 4
2490 12
2491 8
2492 13
2493 8
2494 5
2495 9
2496 18
2497 14
2498 0
2499 3
2500 5
2501 1
2502 1
2503 12
2504 18
2505 18
2506 3
2507 13
2508 18
2509 19
2510 1
2511 13
2512 16
2513 12
2514 10
2515 13
2516 16
2517 12
2518 12
2519 18
2520 18
2521 18
2522 18
2523 0
2524 1
2525 18
2526 14
2527 7
2528 8
2529 13
2530 18
2531 1
2532 9
2533 1
2534 0
2535 3
2536 9
2537 18
2538 10
2539 9
2540 12
2541 6
2542 6
2543 4
2544 12
2545 18
2546 21
2547 12
2548 4
2549 13
2550 14
2551 18
2552 12
2553 0
2554 0
2555 12
2556 9
2557 0
2558 10
2559 0
2560 12
2561 0
2562 18
2563 21
2564 0
2565 8
2566 18
2567 13
2568 3
2569 10
2570 16
2571 5
2572 19
2573 6
2574 10
2575 21
2576 13
2577 5
2578 18
2579 0
2580 18
2581 16
2582 13
2583 18
2584 18
2585 3
2586 1
2587 12
2588 0
2589 4
2590 4
2591 9
2592 18
2593 9
2594 18
2595 13
2596 9
2597 0
2598 12
2599 7
2600 12
2601 18
2602 21
2603 7
2604 3
2605 18
2606 18
2607 4
2608 9
2609 3
2610 10
2611 18
2612 1
2613 8
2614 0
2615 2
2616 13
2617 9
2618 7
2619 13
2620 13
2621 9
2622 15
2623 4
2624 2
2625 0
2626 9
2627 12
2628 17
2629 15
2630 13
2631 12
2632 12
2633 0
2634 3
2635 6
2636 14
2637 15
2638 18
2639 13
2640 16
2641 12
2642 1
2643 18
2644 15
2645 13
2646 21
2647 16
2648 13
2649 13
2650 4
2651 13
2652 13
2653 13
2654 10
2655 12
2656 18
2657 15
2658 13
2659 21
2660 9
2661 18
2662 13
2663 12
2664 0
2665 11
2666 12
2667 9
2668 12
2669 13
2670 21
2671 0
2672 12
2673 9
2674 16
2675 3
2676 0
2677 15
2678 16
2679 3
2680 2
2681 13
2682 1
2683 18
2684 9
2685 5
2686 15
2687 12
2688 0
2689 1
2690 1
2691 8
2692 0
2693 18
2694 12
2695 4
2696 15
2697 12
2698 18
2699 6
2700 13
2701 3
2702 12
2703 0
2704 6
2705 13
2706 14
2707 3
2708 1
2709 12
2710 0
2711 12
2712 5
2713 15
2714 9
2715 16
2716 1
2717 14
2718 18
2719 7
2720 1
2721 13
2722 21
2723 4
2724 6
2725 9
2726 14
2727 1
2728 0
2729 13
2730 13
2731 0
2732 1
2733 12
2734 18
2735 4
2736 12
2737 9
2738 12
2739 13
2740 12
2741 13
2742 15
2743 6
2744 12
2745 16
2746 10
2747 7
2748 5
2749 18
2750 12
2751 18
2752 12
2753 10
2754 13
2755 4
2756 21
2757 18
2758 5
2759 2
2760 21
2761 2
2762 9
2763 16
2764 3
2765 13
2766 5
2767 4
2768 0
2769 16
2770 18
2771 13
2772 18
2773 0
2774 12
2775 16
2776 12
2777 12
2778 12
2779 9
2780 12
2781 14
2782 18
2783 9
2784 0
2785 0
2786 12
2787 0
2788 16
2789 4
2790 7
2791 1
2792 3
2793 21
2794 18
2795 18
2796 1
2797 9
2798 0
2799 4
2800 16
2801 0
2802 9
2803 6
2804 13
2805 7
2806 18
2807 16
2808 13
2809 12
2810 13
2811 3
2812 10
2813 18
2814 12
2815 21
2816 6
2817 7
2818 13
2819 6
2820 12
2821 0
2822 9
2823 9
2824 21
2825 2
2826 18
2827 6
2828 4
2829 5
2830 18
2831 18
2832 3
2833 12
2834 0
2835 21
2836 18
2837 2
2838 1
2839 0
2840 13
2841 13
2842 13
2843 16
2844 15
2845 18
2846 9
2847 6
2848 14
2849 7
2850 0
2851 0
2852 0
2853 4
2854 4
2855 21
2856 18
2857 1
2858 13
2859 13
2860 6
2861 6
2862 8
2863 18
2864 8
2865 13
2866 9
2867 7
2868 18
2869 16
2870 5
2871 14
2872 3
2873 2
2874 6
2875 16
2876 9
2877 21
2878 13
2879 2
2880 14
2881 15
2882 12
2883 2
2884 16
2885 13
2886 4
2887 6
2888 13
2889 5
2890 9
2891 3
2892 0
2893 18
2894 1
2895 7
2896 12
2897 18
2898 0
2899 8
2900 6
2901 4
2902 21
2903 12
2904 12
2905 0
2906 1
2907 0
2908 5
2909 1
2910 0
2911 7
2912 4
2913 1
2914 6
2915 4
2916 0
2917 9
2918 18
2919 12
2920 2
2921 9
2922 7
2923 13
2924 9
2925 13
2926 12
2927 8
2928 8
2929 4
2930 13
2931 12
2932 9
2933 12
2934 6
2935 12
2936 13
2937 0
2938 18
2939 19
2940 2
2941 16
2942 1
2943 15
2944 1
2945 10
2946 19
2947 8
2948 0
2949 12
2950 12
2951 7
2952 0
2953 9
2954 13
2955 9
2956 12
2957 18
2958 0
2959 0
2960 15
2961 9
2962 2
2963 18
2964 2
2965 0
2966 14
2967 9
2968 1
2969 13
2970 7
2971 12
2972 21
2973 18
2974 0
2975 9
2976 3
2977 13
2978 12
2979 0
2980 8
2981 13
2982 0
2983 13
2984 0
2985 21
2986 5
2987 13
2988 1
2989 0
2990 13
2991 18
2992 0
2993 12
2994 6
2995 16
2996 1
2997 0
2998 5
2999 10
3000 0
3001 0
3002 12
3003 3
3004 7
3005 14
3006 21
3007 0
3008 12
3009 21
3010 12
3011 5
3012 9
3013 18
3014 0
3015 13
3016 18
3017 0
3018 18
3019 13
3020 3
3021 9
3022 13
3023 12
3024 9
3025 14
3026 8
3027 12
3028 8
3029 0
3030 9
3031 15
3032 0
3033 3
3034 8
3035 7
3036 4
3037 8
3038 4
3039 9
3040 16
3041 14
3042 10
3043 1
3044 1
3045 10
3046 0
3047 5
3048 7
3049 16
3050 5
3051 8
3052 2
3053 18
3054 13
3055 9
3056 9
3057 9
3058 15
3059 2
3060 10
3061 9
3062 18
3063 15
3064 9
3065 3
3066 21
3067 8
3068 16
3069 16
3070 17
3071 21
3072 16
3073 18
3074 9
3075 0
3076 0
3077 7
3078 10
3079 1
3080 13
3081 12
3082 8
3083 8
3084 12
3085 4
3086 13
3087 10
3088 18
3089 18
3090 13
3091 0
3092 14
3093 13
3094 0
3095 13
3096 0
3097 9
3098 14
3099 4
3100 0
3101 14
3102 10
3103 13
3104 4
3105 9
3106 9
3107 8
3108 10
3109 8
3110 10
3111 18
3112 0
3113 4
3114 2
3115 9
3116 9
3117 16
3118 18
3119 12
3120 3
3121 21
3122 21
3123 13
3124 6
3125 6
3126 0
3127 12
3128 16
3129 6
3130 12
3131 1
3132 5
3133 6
3134 4
3135 12
3136 2
3137 9
3138 16
3139 21
3140 6
3141 14
3142 0
3143 9
3144 8
3145 15
3146 5
3147 2
3148 18
3149 21
3150 18
3151 3
3152 9
3153 16
3154 18
3155 10
3156 4
3157 13
3158 13
3159 9
3160 13
3161 0
3162 18
3163 9
3164 13
3165 13
3166 12
3167 13
3168 3
3169 1
3170 9
3171 4
3172 21
3173 5
3174 18
3175 12
3176 18
3177 12
3178 15
3179 15
3180 13
3181 12
3182 16
3183 2
3184 8
3185 5
3186 14
3187 16
3188 12
3189 10
3190 12
3191 10
3192 12
3193 21
3194 0
3195 0
3196 0
3197 4
3198 8
3199 12
3200 18
3201 4
3202 1
3203 3
3204 15
3205 5
3206 7
3207 18
3208 5
3209 0
3210 9
3211 15
3212 8
3213 13
3214 10
3215 21
3216 12
3217 12
3218 0
3219 13
3220 0
3221 10
3222 18
3223 15
3224 7
3225 4
3226 9
3227 12
3228 10
3229 6
3230 15
3231 3
3232 10
3233 0
3234 13
3235 8
3236 4
3237 5
3238 12
3239 18
3240 12
3241 15
3242 0
3243 2
3244 21
3245 12
3246 5
3247 10
3248 15
3249 15
3250 13
3251 0
3252 2
3253 17
3254 12
3255 0
3256 12
3257 13
3258 18
3259 5
3260 7
3261 7
3262 12
3263 9
3264 1
3265 8
3266 0
3267 6
3268 0
3269 18
3270 21
3271 6
3272 8
3273 0
3274 9
3275 10
3276 5
3277 5
3278 21
3279 14
3280 4
3281 4
3282 18
3283 18
3284 9
3285 21
3286 1
3287 0
3288 21
3289 0
3290 13
3291 7
3292 4
3293 3
3294 8
3295 21
3296 16
3297 9
3298 7
3299 9
3300 10
3301 1
3302 1
3303 6
3304 0
3305 4
3306 8
3307 14
3308 13
3309 9
3310 18
3311 9
3312 0
3313 6
3314 9
3315 10
3316 12
3317 9
3318 18
3319 0
3320 4
3321 0
3322 0
3323 14
3324 0
3325 0
3326 0
3327 0
3328 15
3329 0
3330 7
3331 12
3332 8
3333 12
3334 6
3335 13
3336 2
3337 1
3338 16
3339 13
3340 0
3341 9
3342 1
3343 14
3344 4
3345 21
3346 15
3347 8
3348 8
3349 9
3350 13
3351 3
3352 13
3353 4
3354 12
3355 13
3356 3
3357 2
3358 15
3359 8
3360 3
3361 6
3362 11
3363 4
3364 10
3365 0
3366 9
3367 12
3368 9
3369 0
3370 0
3371 12
3372 18
3373 9
3374 3
3375 13
3376 0
3377 0
3378 18
3379 6
3380 16
3381 18
3382 9
3383 12
3384 21
3385 12
3386 15
3387 21
3388 7
3389 0
3390 12
3391 21
3392 21
3393 13
3394 7
3395 18
3396 12
3397 18
3398 13
3399 18
3400 12
3401 13
3402 9
3403 13
3404 3
3405 12
3406 12
3407 1
3408 21
3409 7
3410 12
3411 2
3412 10
3413 4
3414 15
3415 0
3416 13
3417 18
3418 18
3419 12
3420 21
3421 13
3422 1
3423 14
3424 18
3425 0
3426 7
3427 18
3428 0
3429 21
3430 9
3431 4
3432 5
3433 16
3434 1
3435 0
3436 5
3437 18
3438 9
3439 18
3440 14
3441 8
3442 3
3443 11
3444 18
3445 0
3446 0
3447 15
3448 2
3449 10
3450 13
3451 5
3452 9
3453 13
3454 6
3455 13
3456 14
3457 12
3458 13
3459 1
3460 0
3461 16
3462 14
3463 21
3464 21
3465 18
3466 13
3467 9
3468 18
3469 13
3470 12
3471 12
3472 1
3473 18
3474 3
3475 12
3476 4
3477 0
3478 12
3479 12
3480 7
3481 9
3482 7
3483 0
3484 12
3485 12
3486 7
3487 13
3488 9
3489 0
3490 18
3491 13
3492 18
3493 14
3494 1
3495 18
3496 12
3497 1
3498 6
3499 4
3500 18
3501 9
3502 15
3503 12
3504 7
3505 14
3506 16
3507 12
3508 0
3509 16
3510 0
3511 9
3512 9
3513 18
3514 0
3515 9
3516 15
3517 18
3518 1
3519 10
3520 0
3521 15
3522 13
3523 13
3524 16
3525 12
3526 0
3527 10
3528 10
3529 9
3530 6
3531 1
3532 12
3533 18
3534 12
3535 7
3536 0
3537 9
3538 10
3539 0
3540 14
3541 18
3542 6
3543 16
3544 10
3545 9
3546 2
3547 13
3548 13
3549 6
3550 12
3551 13
3552 0
3553 6
3554 0
3555 18
3556 9
3557 9
3558 18
3559 3
3560 9
3561 2
3562 21
3563 10
3564 18
3565 3
3566 8
3567 0
3568 14
3569 5
3570 13
3571 6
3572 12
3573 6
3574 9
3575 13
3576 0
3577 2
3578 18
3579 18
3580 12
3581 12
3582 16
3583 7
3584 9
3585 18
3586 2
3587 3
3588 0
3589 13
3590 4
3591 2
3592 13
3593 0
3594 16
3595 5
3596 7
3597 21
3598 14
3599 2
3600 5
3601 8
3602 0
3603 13
3604 7
3605 9
3606 0
3607 12
3608 7
3609 14
3610 6
3611 0
3612 9
3613 7
3614 9
3615 1
3616 12
3617 0
3618 12
3619 21
3620 6
3621 7
3622 13
3623 9
3624 13
3625 1
3626 13
3627 0
3628 5
3629 1
3630 0
3631 0
3632 4
3633 0
3634 13
3635 0
3636 2
3637 5
3638 18
3639 2
3640 0
3641 11
3642 9
3643 9
3644 2
3645 15
3646 5
3647 15
3648 14
3649 5
3650 18
3651 0
3652 18
3653 21
3654 8
3655 14
3656 0
3657 13
3658 6
3659 14
3660 9
3661 12
3662 0
3663 15
3664 2
3665 12
3666 21
3667 9
3668 21
3669 8
3670 18
3671 7
3672 2
3673 6
3674 18
3675 10
3676 10
3677 13
3678 12
3679 15
3680 3
3681 10
3682 11
3683 4
3684 12
3685 13
3686 16
3687 12
3688 12
3689 0
3690 18
3691 0
3692 0
3693 9
3694 5
3695 1
3696 0
3697 10
3698 18
3699 12
3700 10
3701 21
3702 12
3703 2
3704 21
3705 2
3706 18
3707 13
3708 21
3709 8
3710 2
3711 21
3712 7
3713 9
3714 7
3715 9
3716 9
3717 10
3718 16
3719 3
3720 3
3721 13
3722 3
3723 0
3724 0
3725 18
3726 14
3727 16
3728 13
3729 13
3730 13
3731 12
3732 13
3733 3
3734 4
3735 5
3736 5
3737 0
3738 1
3739 13
3740 4
3741 1
3742 3
3743 9
3744 9
3745 14
3746 0
3747 1
3748 5
3749 12
3750 14
3751 14
3752 7
3753 9
3754 15
3755 16
3756 12
3757 5
3758 12
3759 2
3760 15
3761 4
3762 7
3763 5
3764 0
3765 9
3766 3
3767 10
3768 9
3769 18
3770 18
3771 21
3772 12
3773 18
3774 15
3775 8
3776 0
3777 9
3778 10
3779 18
3780 9
3781 13
3782 12
3783 0
3784 18
3785 12
3786 13
3787 13
3788 18
3789 6
3790 0
3791 0
3792 8
3793 8
3794 0
3795 18
3796 7
3797 7
3798 9
3799 6
3800 18
3801 9
3802 13
3803 0
3804 8
3805 21
3806 0
3807 10
3808 8
3809 12
3810 15
3811 4
3812 0
3813 0
3814 1
3815 6
3816 9
3817 13
3818 9
3819 4
3820 18
3821 0
3822 2
3823 0
3824 13
3825 9
3826 8
3827 13
3828 0
3829 9
3830 9
3831 0
3832 15
3833 18
3834 0
3835 12
3836 1
3837 16
3838 0
3839 0
3840 9
3841 13
3842 5
3843 13
3844 7
3845 1
3846 18
3847 21
3848 0
3849 18
3850 2
3851 16
3852 14
3853 5
3854 12
3855 6
3856 8
3857 6
3858 9
3859 1
3860 15
3861 14
3862 4
3863 16
3864 3
3865 18
3866 3
3867 6
3868 2
3869 0
3870 3
3871 12
3872 6
3873 9
3874 8
3875 15
3876 21
3877 5
3878 0
3879 6
3880 9
3881 15
3882 0
3883 13
3884 18
3885 21
3886 18
3887 12
3888 1
3889 12
3890 21
3891 0
3892 13
3893 14
3894 7
3895 15
3896 12
3897 2
3898 9
3899 9
3900 9
3901 3
3902 13
3903 16
3904 6
3905 13
3906 13
3907 10
3908 0
3909 7
3910 0
3911 9
3912 0
3913 9
3914 18
3915 4
3916 0
3917 9
3918 9
3919 18
3920 0
3921 13
3922 13
3923 0
3924 14
3925 9
3926 0
3927 2
3928 12
3929 13
3930 18
3931 9
3932 4
3933 7
3934 12
3935 9
3936 12
3937 0
3938 10
3939 4
3940 9
3941 5
3942 2
3943 0
3944 18
3945 6
3946 2
3947 18
3948 12
3949 10
3950 14
3951 16
3952 0
3953 14
3954 12
3955 15
3956 8
3957 14
3958 10
3959 0
3960 9
3961 16
3962 13
3963 9
3964 13
3965 13
3966 2
3967 18
3968 10
3969 5
3970 3
3971 15
3972 9
3973 0
3974 6
3975 7
3976 6
3977 21
3978 18
3979 18
3980 8
3981 5
3982 0
3983 1
3984 9
3985 10
3986 12
3987 0
3988 0
3989 9
3990 14
3991 13
3992 10
3993 21
3994 8
3995 18
3996 0
3997 14
3998 14
3999 1
4000 13
4001 12
4002 12
4003 13
4004 3
4005 2
4006 5
4007 18
4008 0
4009 15
4010 13
4011 9
4012 18
4013 3
4014 2
4015 9
4016 15
4017 18
4018 4
4019 6
4020 3
4021 5
4022 3
4023 7
4024 6
4025 9
4026 6
4027 8
4028 10
4029 0
4030 13
4031 12
4032 0
4033 16
4034 6
4035 0
4036 5
4037 1
4038 21
4039 0
4040 13
4041 0
4042 18
4043 18
4044 0
4045 6
4046 18
4047 8
4048 0
4049 0
4050 18
4051 9
4052 0
4053 9
4054 16
4055 6
4056 18
4057 2
4058 0
4059 21
4060 7
4061 18
4062 15
4063 1
4064 12
4065 2
4066 0
4067 9
4068 16
4069 9
4070 5
4071 6
4072 4
4073 9
4074 18
4075 16
4076 2
4077 7
4078 3
4079 18
4080 12
4081 1
4082 8
4083 2
4084 3
4085 14
4086 13
4087 0
4088 15
4089 12
4090 13
4091 13
4092 5
4093 4
4094 14
4095 6
4096 18
4097 15
4098 5
4099 2
4100 13
4101 21
4102 18
4103 18
4104 9
4105 2
4106 10
4107 0
4108 8
4109 9
4110 5
4111 4
4112 9
4113 0
4114 14
4115 12
4116 1
4117 6
4118 9
4119 0
4120 6
4121 6
4122 6
4123 1
4124 12
4125 2
4126 0
4127 0
4128 18
4129 16
4130 0
4131 4
4132 21
4133 12
4134 8
4135 10
4136 2
4137 18
4138 13
4139 5
4140 0
4141 12
4142 4
4143 18
4144 0
4145 5
4146 9
4147 13
4148 12
4149 13
4150 12
4151 18
4152 13
4153 3
4154 2
4155 2
4156 8
4157 18
4158 12
4159 4
4160 15
4161 2
4162 18
4163 18
4164 9
4165 18
4166 10
4167 3
4168 0
4169 13
4170 2
4171 9
4172 2
4173 1
4174 12
4175 12
4176 4
4177 13
4178 0
4179 10
4180 13
4181 0
4182 13
4183 13
4184 13
4185 13
4186 12
4187 13
4188 3
4189 0
4190 2
4191 12
4192 9
4193 5
4194 7
4195 12
4196 12
4197 9
4198 1
4199 18
4200 2
4201 13
4202 8
4203 6
4204 4
4205 2
4206 18
4207 5
4208 8
4209 12
4210 0
4211 12
4212 18
4213 13
4214 12
4215 2
4216 9
4217 13
4218 5
4219 12
4220 0
4221 14
4222 15
4223 12
4224 2
4225 7
4226 12
4227 5
4228 7
4229 15
4230 3
4231 18
4232 12
4233 13
4234 9
4235 4
4236 13
4237 10
4238 9
4239 18
4240 7
4241 13
4242 8
4243 0
4244 1
4245 9
4246 18
4247 13
4248 12
4249 10
4250 15
4251 12
4252 2
4253 12
4254 10
4255 0
4256 18
4257 0
4258 0
4259 12
4260 16
4261 21
4262 8
4263 5
4264 12
4265 5
4266 12
4267 16
4268 12
4269 9
4270 6
4271 13
4272 18
4273 18
4274 13
4275 9
4276 13
4277 6
4278 12
4279 0
4280 4
4281 1
4282 6
4283 14
4284 0
4285 12
4286 12
4287 0
4288 10
4289 5
4290 6
4291 7
4292 3
4293 1
4294 12
4295 13
4296 9
4297 12
4298 10
4299 9
4300 1
4301 6
4302 5
4303 0
4304 5
4305 2
4306 5
4307 18
4308 13
4309 3
4310 12
4311 18
4312 0
4313 5
4314 21
4315 12
4316 8
4317 16
4318 5
4319 16
4320 8
4321 0
4322 15
4323 9
4324 13
4325 12
4326 7
4327 12
4328 3
4329 6
4330 14
4331 12
4332 0
4333 1
4334 13
4335 1
4336 0
4337 12
4338 16
4339 4
4340 5
4341 9
4342 6
4343 18
4344 8
4345 5
4346 0
4347 0
4348 6
4349 18
4350 13
4351 14
4352 0
4353 2
4354 12
4355 6
4356 2
4357 18
4358 12
4359 18
4360 18
4361 21
4362 12
4363 1
4364 0
4365 16
4366 9
4367 9
4368 16
4369 4
4370 14
4371 14
4372 8
4373 12
4374 8
4375 5
4376 12
4377 21
4378 0
4379 21
4380 14
4381 13
4382 8
4383 18
4384 18
4385 7
4386 12
4387 7
4388 8
4389 14
4390 5
4391 0
4392 14
4393 14
4394 9
4395 12
4396 18
4397 1
4398 0
4399 18
4400 7
4401 15
4402 9
4403 0
4404 9
4405 0
4406 18
4407 3
4408 7
4409 18
4410 1
4411 4
4412 7
4413 0
4414 8
4415 7
4416 9
4417 13
4418 9
4419 19
4420 1
4421 14
4422 13
4423 1
4424 9
4425 3
4426 10
4427 9
4428 9
4429 0
4430 12
4431 21
4432 9
4433 12
4434 18
4435 1
4436 5
4437 18
4438 16
4439 6
4440 16
4441 12
4442 0
4443 18
4444 15
4445 13
4446 14
4447 9
4448 6
4449 8
4450 10
4451 15
4452 13
4453 9
4454 21
4455 18
4456 13
4457 19
4458 13
4459 13
4460 0
4461 2
4462 4
4463 2
4464 18
4465 0
4466 21
4467 14
4468 16
4469 12
4470 5
4471 3
4472 9
4473 18
4474 4
4475 14
4476 12
4477 21
4478 18
4479 7
4480 9
4481 15
4482 18
4483 4
4484 9
4485 14
4486 0
4487 16
4488 21
4489 14
4490 0
4491 14
4492 14
4493 18
4494 0
4495 18
4496 14
4497 9
4498 8
4499 2
4500 10
4501 9
4502 12
4503 18
4504 18
4505 2
4506 3
4507 9
4508 7
4509 13
4510 15
4511 10
4512 14
4513 9
4514 18
4515 9
4516 18
4517 8
4518 21
4519 15
4520 10
4521 16
4522 0
4523 21
4524 0
4525 7
4526 0
4527 13
4528 3
4529 6
4530 18
4531 18
4532 0
4533 1
4534 13
4535 10
4536 0
4537 8
4538 13
4539 13
4540 0
4541 6
4542 13
4543 16
4544 10
4545 10
4546 8
4547 0
4548 0
4549 5
4550 1
4551 8
4552 6
4553 16
4554 5
4555 15
4556 13
4557 14
4558 0
4559 2
4560 10
4561 1
4562 5
4563 6
4564 13
4565 12
4566 0
4567 5
4568 13
4569 5
4570 15
4571 5
4572 0
4573 15
4574 9
4575 13
4576 12
4577 15
4578 15
4579 12
4580 0
4581 13
4582 9
4583 12
4584 14
4585 0
4586 0
4587 15
4588 8
4589 20
4590 18
4591 0
4592 3
4593 8
4594 16
4595 5
4596 2
4597 2
4598 9
4599 18
4600 3
4601 12
4602 10
4603 0
4604 2
4605 4
4606 12
4607 9
4608 14
4609 0
4610 9
4611 9
4612 10
4613 12
4614 13
4615 13
4616 16
4617 4
4618 18
4619 13
4620 5
4621 21
4622 0
4623 0
4624 5
4625 8
4626 13
4627 9
4628 9
4629 6
4630 20
4631 14
4632 18
4633 10
4634 19
4635 0
4636 7
4637 15
4638 15
4639 7
4640 13
4641 18
4642 7
4643 12
4644 12
4645 0
4646 9
4647 21
4648 18
4649 9
4650 14
4651 18
4652 14
4653 6
4654 9
4655 13
4656 12
4657 9
4658 13
4659 16
4660 0
4661 10
4662 13
4663 18
4664 1
4665 16
4666 9
4667 13
4668 0
4669 15
4670 12
4671 8
4672 9
4673 2
4674 1
4675 8
4676 18
4677 21
4678 1
4679 3
4680 13
4681 0
4682 0
4683 16
4684 13
4685 8
4686 6
4687 14
4688 2
4689 10
4690 12
4691 14
4692 4
4693 16
4694 4
4695 3
4696 6
4697 12
4698 6
4699 3
4700 15
4701 10
4702 0
4703 18
4704 9
4705 18
4706 3
4707 21
4708 8
4709 18
4710 9
4711 14
4712 3
4713 9
4714 4
4715 9
4716 8
4717 13
4718 21
4719 12
4720 21
4721 13
4722 2
4723 13
4724 15
4725 21
4726 8
4727 9
4728 9
4729 12
4730 9
4731 12
4732 0
4733 0
4734 13
4735 12
4736 4
4737 3
4738 7
4739 18
4740 18
4741 21
4742 16
4743 0
4744 9
4745 0
4746 3
4747 4
4748 15
4749 8
4750 6
4751 7
4752 14
4753 6
4754 12
4755 8
4756 15
4757 8
4758 12
4759 2
4760 3
4761 9
4762 9
4763 15
4764 9
4765 4
4766 14
4767 15
4768 12
4769 13
4770 9
4771 4
4772 21
4773 12
4774 9
4775 9
4776 2
4777 5
4778 18
4779 2
4780 10
4781 3
4782 19
4783 9
4784 13
4785 18
4786 21
4787 9
4788 16
4789 18
4790 6
4791 0
4792 12
4793 13
4794 9
4795 15
4796 18
4797 7
4798 5
4799 0
4800 12
4801 14
4802 13
4803 15
4804 1
4805 0
4806 19
4807 4
4808 12
4809 21
4810 12
4811 13
4812 18
4813 18
4814 6
4815 11
4816 18
4817 0
4818 9
4819 4
4820 13
4821 2
4822 1
4823 12
4824 13
4825 9
4826 15
4827 0
4828 1
4829 1
4830 8
4831 13
4832 18
4833 9
4834 0
4835 13
4836 6
4837 16
4838 9
4839 13
4840 12
4841 18
4842 8
4843 18
4844 0
4845 19
4846 0
4847 9
4848 2
4849 0
4850 10
4851 21
4852 5
4853 21
4854 0
4855 10
4856 0
4857 12
4858 0
4859 12
4860 3
4861 18
4862 13
4863 0
4864 9
4865 3
4866 18
4867 8
4868 15
4869 9
4870 3
4871 18
4872 4
4873 5
4874 4
4875 13
4876 9
4877 9
4878 0
4879 6
4880 5
4881 12
4882 10
4883 12
4884 12
4885 10
4886 9
4887 7
4888 4
4889 0
4890 10
4891 18
4892 15
4893 14
4894 0
4895 12
4896 18
4897 9
4898 9
4899 0
4900 16
4901 12
4902 18
4903 13
4904 6
4905 12
4906 1
4907 0
4908 8
4909 15
4910 14
4911 3
4912 12
4913 9
4914 12
4915 0
4916 12
4917 9
4918 12
4919 4
4920 0
4921 3
4922 9
4923 0
4924 10
4925 13
4926 16
4927 9
4928 7
4929 18
4930 18
4931 12
4932 14
4933 0
4934 16
4935 12
4936 3
4937 9
4938 1
4939 14
4940 12
4941 14
4942 13
4943 18
4944 10
4945 0
4946 13
4947 12
4948 0
4949 12
4950 12
4951 13
4952 18
4953 21
4954 12
4955 4
4956 9
4957 0
4958 10
4959 18
4960 15
4961 9
4962 5
4963 15
4964 7
4965 8
4966 15
4967 12
4968 19
4969 0
4970 9
4971 18
4972 6
4973 4
4974 10
4975 8
4976 18
4977 21
4978 9
4979 15
4980 16
4981 3
4982 18
4983 16
4984 7
4985 5
4986 1
4987 2
4988 2
4989 9
4990 12
4991 12
4992 1
4993 13
4994 4
4995 16
4996 9
4997 12
4998 2
4999 0
5000 6
5001 6
5002 12
5003 9
5004 10
5005 10
5006 6
5007 18
5008 6
5009 0
5010 18
5011 6
5012 21
5013 16
5014 13
5015 9
5016 12
5017 0
5018 9
5019 13
5020 6
5021 15
5022 12
5023 18
5024 18
5025 21
5026 0
5027 5
5028 1
5029 16
5030 3
5031 7
5032 9
5033 9
5034 0
5035 14
5036 7
5037 5
5038 9
5039 9
5040 13
5041 4
5042 12
5043 18
5044 13
5045 2
5046 9
5047 14
5048 0
5049 13
5050 12
5051 15
5052 12
5053 7
5054 8
5055 9
5056 5
5057 14
5058 14
5059 13
5060 16
5061 0
5062 1
5063 6
5064 13
5065 0
5066 13
5067 10
5068 0
5069 0
5070 18
5071 5
5072 13
5073 4
5074 12
5075 13
5076 1
5077 1
5078 8
5079 0
5080 1
5081 14
5082 3
5083 8
5084 14
5085 9
5086 0
5087 8
5088 0
5089 14
5090 18
5091 7
5092 0
5093 6
5094 9
5095 14
5096 1
5097 1
5098 15
5099 18
5100 9
5101 16
5102 21
5103 0
5104 5
5105 15
5106 0
5107 4
5108 13
5109 21
5110 12
5111 9
5112 9
5113 13
5114 13
5115 13
5116 13
5117 16
5118 8
5119 0
5120 12
5121 21
5122 3
5123 14
5124 21
5125 0
5126 13
5127 12
5128 0
5129 18
5130 0
5131 15
5132 15
5133 9
5134 6
5135 16
5136 3
5137 13
5138 12
5139 3
5140 13
5141 10
5142 15
5143 10
5144 7
5145 0
5146 1
5147 9
5148 21
5149 18
5150 21
5151 2
5152 1
5153 1
5154 12
5155 17
5156 16
5157 13
5158 12
5159 6
5160 8
5161 12
5162 12
5163 13
5164 9
5165 3
5166 1
5167 16
5168 18
5169 1
5170 8
