# Nicholl et al. 2017
# Median and 1-sigma bounds for all parameters and all SLSNe.
#           redshift       (mag)	         (ms)         (10^14 Gauss)        (Msun)            (10^3 kms)         (cm^2/erg)                  (cm^2/erg)                      (Msun)        (10^3 K)          (mag)
Name           z       M_g     M_r     M_i     P   P-   P+     B   B-   B+     Mej  Mej- Mej+      Vej  Vej- Vej+  kappa kappa- kappa+ kappa_gamma kappa_gamma- kappa_gamma+    Mns Mns- Mns+   Tf   Tf- Tf+    Av   Av-  Av+
PTF10hgi     0.0987  -20.60  -20.32  -20.10  4.78 0.77 0.89  2.03 0.45 0.45   2.19  0.80  1.80    5.12  0.31 0.36  0.10   0.04  0.06      0.06        0.03          0.03       1.85 0.30 0.22  6.58 0.20 0.23  0.11 0.07 0.11
Gaia16apd    0.102   -21.73  -21.53  -21.33  2.93 0.36 0.34  1.23 0.27 0.26   4.54  0.71  1.59    9.02  0.18 0.24  0.16   0.04  0.02      0.57        0.39         13.11       1.83 0.27 0.29  8.00 0.16 0.12  0.02 0.02 0.03
PTF12dam     0.1073  -21.26  -21.21  -21.11  2.28 0.30 0.32  0.18 0.05 0.04   6.27  0.95  1.23    7.01  0.25 0.31  0.16   0.04  0.02      0.01        0.00          0.00       1.83 0.27 0.26  6.48 0.21 0.28  0.16 0.10 0.09
SN2015bn     0.1136  -21.78  -21.68  -21.54  2.16 0.17 0.29  0.31 0.05 0.07  11.73  1.34  0.83    5.46  0.14 0.16  0.19   0.02  0.01      0.01        0.00          0.00       1.78 0.23 0.28  8.32 0.16 0.32  0.08 0.04 0.09
SN2007bi     0.1279  -20.68  -20.76  -20.69  3.92 0.50 0.53  0.35 0.08 0.13   3.80  1.09  1.52    7.90  1.41 0.95  0.16   0.05  0.03      0.06        0.02          0.03       1.81 0.26 0.24  8.38 0.36 0.42  0.07 0.06 0.11
SN2011ke     0.1428  -21.39  -21.15  -20.94  0.78 0.06 0.09  3.88 0.64 0.32   7.64  1.89  6.96    8.15  0.32 0.23  0.13   0.06  0.04      4.75        4.24         47.75       2.05 0.19 0.10  5.52 0.17 0.20  0.06 0.05 0.08
SSS120810    0.156   -21.71  -21.41  -21.18  3.00 1.11 0.90  1.93 0.48 0.45   2.22  0.66  1.25   11.13  0.88 0.93  0.14   0.06  0.03      0.22        0.12          3.00       1.88 0.35 0.22  3.80 0.18 0.23  0.33 0.19 0.12
SN2012il     0.175   -21.41  -21.06  -20.79  2.35 0.46 0.51  2.24 0.57 0.33   3.14  0.58  0.97    7.93  0.75 0.57  0.08   0.01  0.03      3.18        2.89         31.64       1.90 0.34 0.19  6.27 0.15 0.24  0.12 0.08 0.10
PTF11rks     0.1924  -21.63  -21.44  -21.26  2.07 0.95 2.77  2.88 2.13 1.22   6.54  4.57  4.08   12.11  1.89 1.81  0.16   0.05  0.03      0.25        0.23         20.23       1.87 0.30 0.22  8.28 0.59 0.45  0.42 0.07 0.06
iPTF15esb    0.224   -20.99  -20.89  -20.76  1.62 0.62 0.65  2.39 0.46 0.56  17.50  4.22 11.92    6.28  0.39 0.44  0.14   0.05  0.03      1.21        1.17         13.79       1.80 0.21 0.29  5.37 0.32 0.38  0.20 0.13 0.15
SN2010gx     0.2297  -21.36  -21.23  -21.08  3.66 0.54 0.60  0.59 0.15 0.28   2.39  0.58  0.61   12.65  0.63 0.55  0.18   0.03  0.02      0.02        0.01          0.02       1.79 0.24 0.28  3.99 0.12 0.11  0.02 0.01 0.02
SN2011kf     0.245   -22.76  -22.46  -22.21  1.48 0.66 1.16  0.70 0.33 0.56   4.57  2.66 17.85   11.46  1.45 1.15  0.16   0.05  0.03      0.04        0.02          0.04       1.85 0.30 0.26  5.86 0.25 0.26  0.23 0.18 0.20
iPTF16bad    0.2467  -20.86  -20.53  -20.27  3.73 0.70 0.65  2.62 0.49 0.55   2.22  0.98  1.05    7.11  0.59 0.71  0.07   0.02  0.04      1.96        1.76         18.69       1.79 0.24 0.23  6.28 0.65 0.35  0.05 0.04 0.08
LSQ14mo      0.253   -21.02  -20.88  -20.73  4.97 0.71 0.65  1.01 0.30 0.27   2.10  0.36  0.42   10.74  0.41 0.52  0.17   0.02  0.03      0.02        0.00          0.01       1.85 0.27 0.22  4.97 0.16 0.17  0.08 0.06 0.10
LSQ12dlf     0.255   -21.65  -21.38  -21.16  2.82 0.58 0.55  1.20 0.26 0.31   3.68  0.96  2.28    8.28  0.24 0.25  0.11   0.04  0.04      2.36        2.00         18.09       1.77 0.25 0.31  3.77 0.14 0.14  0.29 0.11 0.14
PTF09cnd     0.2584  -21.76  -21.64  -21.50  1.46 0.48 0.38  0.10 0.06 0.09   5.16  1.64  2.41    8.56  1.41 1.53  0.16   0.05  0.03      0.01        0.00          0.01       1.82 0.23 0.22  4.44 0.41 0.36  0.17 0.12 0.18
SN2013dg     0.265   -21.39  -21.12  -20.90  3.50 0.59 0.60  1.56 0.32 0.41   2.75  0.99  1.63    8.38  0.51 0.44  0.12   0.04  0.06      0.04        0.02          0.02       1.80 0.21 0.22  5.07 0.31 0.23  0.07 0.06 0.10
SN2005ap     0.2832  -22.54  -22.21  -21.95  1.28 0.39 0.57  1.71 0.63 0.75   3.57  1.23  3.04   15.22  2.20 2.51  0.15   0.06  0.03      0.09        0.08          5.05       1.89 0.35 0.16  5.77 0.95 0.89  0.25 0.16 0.15
iPTF13ehe    0.3434  -21.24  -21.36  -21.35  2.57 0.30 0.38  0.20 0.06 0.09  10.03  2.55  2.28    6.66  0.31 0.27  0.16   0.04  0.03      0.04        0.02          0.02       1.87 0.25 0.22  5.01 0.15 0.19  0.15 0.11 0.16
LSQ14bdq     0.345   -22.80  -22.66  -22.50  0.98 0.15 0.20  0.49 0.12 0.13  33.71  6.56  6.16    8.71  0.66 0.61  0.19   0.02  0.01      0.01        0.00          0.00       1.80 0.20 0.27  6.78 0.29 0.49  0.37 0.14 0.09
PTF09cwl     0.3499  -22.55  -22.39  -22.22  1.74 0.76 0.66  0.27 0.22 0.59   6.98  2.78  9.32    9.11  2.08 4.14  0.17   0.06  0.02      0.03        0.02          2.05       1.86 0.32 0.27  3.91 0.26 0.32  0.32 0.19 0.11
SN2006oz     0.376   -21.70  -21.70  -21.67  2.70 0.75 0.74  0.32 0.19 0.24   2.97  1.08  2.58    9.46  0.75 0.69  0.13   0.04  0.06      0.39        0.35         13.20       1.80 0.23 0.28  5.93 1.05 0.72  0.11 0.08 0.15
iPTF13dcc    0.5015  -22.15  -21.89  -21.67  0.81 0.08 0.15  0.98 0.15 0.21  23.96  7.99 12.51    5.23  0.17 0.29  0.10   0.03  0.05      0.68        0.64         19.91       1.97 0.23 0.15  6.27 0.52 0.52  0.05 0.03 0.09
PTF09atu     0.5015  -21.62  -21.64  -21.57  1.59 0.49 0.43  0.09 0.05 0.08   6.20  1.72  2.01   11.76  0.78 1.10  0.16   0.05  0.03      0.02        0.01          0.02       1.88 0.30 0.18  4.98 0.45 0.66  0.21 0.14 0.17
PS1-14bj     0.5215  -19.91  -19.94  -19.84  2.82 0.42 0.54  0.13 0.03 0.09  18.46  2.50  2.72    5.07  0.89 0.58  0.18   0.02  0.02      0.01        0.00          0.00       1.85 0.36 0.25  8.99 0.30 0.27  0.05 0.03 0.07
PS1-11ap     0.524   -21.23  -21.06  -20.91  3.66 0.41 0.45  0.82 0.18 0.14   5.29  1.74  2.62    5.73  0.23 0.20  0.10   0.04  0.07      7.22        6.24         35.67       1.87 0.30 0.22  8.11 0.19 0.33  0.06 0.04 0.07
DES14X3taz   0.608   -21.87  -21.72  -21.56  2.41 0.26 0.30  0.39 0.10 0.13   5.41  0.99  0.79   10.46  0.63 0.94  0.18   0.02  0.02      0.01        0.00          0.00       1.87 0.28 0.21  6.17 0.28 0.34  0.44 0.10 0.05
PS1-10bzj    0.650   -21.23  -21.07  -20.92  5.21 0.65 0.76  1.63 0.42 0.24   1.65  0.28  0.51   11.80  0.63 0.73  0.16   0.03  0.03      6.15        5.72         27.05       1.86 0.33 0.22  6.18 0.93 0.55  0.11 0.09 0.16
DES13S2cmm   0.663   -20.02  -20.17  -20.19  6.59 0.75 0.70  0.73 0.14 0.20   2.31  0.36  0.47    9.99  0.75 0.58  0.16   0.03  0.02      4.48        3.75         36.82       1.76 0.26 0.31  7.05 0.18 0.26  0.06 0.05 0.08
iPTF13ajg    0.740   -22.73  -22.48  -22.27  1.82 0.21 0.25  0.75 0.20 0.15   4.87  0.87  0.89   13.08  0.58 0.57  0.17   0.02  0.02      1.58        1.46         28.31       1.89 0.32 0.21  4.75 0.55 0.31  0.45 0.06 0.03
PS1-10awh    0.908   -22.15  -21.91  -21.70  1.76 0.52 0.65  1.56 0.34 0.44   6.47  1.94  3.78   11.83  0.92 1.22  0.16   0.04  0.03      2.02        2.00         31.19       1.80 0.28 0.27  5.90 0.87 1.10  0.08 0.05 0.08
PS1-10ky     0.956   -22.48  -22.16  -21.91  1.58 0.27 0.38  1.19 0.29 0.26   3.94  0.98  2.85   12.41  0.70 0.99  0.14   0.05  0.04      4.44        4.15         39.88       1.85 0.31 0.23  5.90 0.73 1.10  0.39 0.12 0.08
PS1-10ahf    1.1     -21.30  -21.43  -21.45  2.35 0.78 0.57  0.17 0.12 0.11  10.50  3.23  3.57    6.37  1.02 0.94  0.15   0.05  0.04      0.07        0.05         12.80       1.85 0.25 0.25  6.85 0.89 0.92  0.26 0.17 0.13
SCP-06F6     1.189   -21.81  -21.75  -21.63  1.78 0.55 0.53  0.16 0.10 0.19   7.02  1.49  1.43   11.13  1.93 2.40  0.18   0.04  0.02      0.01        0.00          0.01       1.75 0.22 0.27  5.70 0.77 0.73  0.18 0.12 0.23
PS1-10pm     1.206   -21.53  -21.52  -21.43  1.31 0.43 0.53  0.06 0.04 0.06   4.03  1.24  1.85   15.75  1.01 1.24  0.15   0.06  0.03      0.02        0.01          0.02       1.85 0.29 0.26  6.47 0.48 0.70  0.10 0.06 0.11
SNLS-07D2bv  1.50    -20.72  -20.89  -20.98  3.49 0.60 0.57  0.26 0.09 0.11   1.55  0.46  1.00   10.89  0.47 0.39  0.12   0.05  0.05      2.19        2.08         21.20       1.80 0.31 0.26  5.85 0.99 1.14  0.03 0.02 0.03
PS1-11bam    1.565   -21.95  -21.65  -21.43  2.39 0.87 0.74  1.01 0.23 0.39   3.73  1.66  3.58    8.94  1.56 1.38  0.09   0.03  0.06      1.18        1.07         22.89       1.83 0.27 0.26  6.19 1.22 0.96  0.06 0.04 0.07
SNLS-06D4eu  1.588   -21.83  -21.71  -21.59  3.55 0.68 0.58  0.79 0.43 0.20   2.06  0.39  0.50   13.19  0.80 0.76  0.17   0.03  0.02      0.17        0.14         15.93       1.88 0.28 0.23  6.05 1.16 1.00  0.04 0.03 0.07
