# Phase in days since bolometric maximum    
      Phase    LogBolLum  M_g       M_r       M_i
      -70.0    42.396   -16.351   -15.992   -15.700
      -68.0    42.600   -16.873   -16.519   -16.229
      -66.0    42.787   -17.354   -17.005   -16.717
      -64.0    43.294   -18.634   -18.289   -18.005
      -62.0    43.273   -18.599   -18.259   -17.977
      -60.0    43.251   -18.564   -18.229   -17.950
      -58.0    43.229   -18.528   -18.199   -17.922
      -56.0    43.460   -19.125   -18.801   -18.527
      -54.0    43.554   -19.380   -19.062   -18.790
      -52.0    43.638   -19.611   -19.298   -19.029
      -50.0    43.714   -19.820   -19.513   -19.246
      -48.0    43.782   -20.010   -19.708   -19.445
      -46.0    43.843   -20.183   -19.887   -19.626
      -44.0    43.898   -20.340   -20.050   -19.793
      -42.0    43.947   -20.484   -20.199   -19.945
      -40.0    43.992   -20.615   -20.336   -20.085
      -38.0    44.032   -20.734   -20.462   -20.214
      -36.0    44.068   -20.842   -20.577   -20.332
      -34.0    44.100   -20.941   -20.682   -20.441
      -32.0    44.128   -21.032   -20.779   -20.541
      -30.0    44.153   -21.113   -20.867   -20.633
      -28.0    44.176   -21.187   -20.948   -20.717
      -26.0    44.195   -21.254   -21.022   -20.795
      -24.0    44.212   -21.315   -21.090   -20.866
      -22.0    44.227   -21.369   -21.151   -20.931
      -20.0    44.239   -21.417   -21.207   -20.990
      -18.0    44.250   -21.460   -21.257   -21.044
      -16.0    44.258   -21.497   -21.302   -21.093
      -14.0    44.265   -21.530   -21.342   -21.138
      -12.0    44.269   -21.558   -21.378   -21.177
      -10.0    44.273   -21.581   -21.410   -21.213
       -8.0    44.275   -21.601   -21.437   -21.245
       -6.0    44.275   -21.616   -21.461   -21.273
       -4.0    44.274   -21.628   -21.481   -21.297
       -2.0    44.272   -21.636   -21.497   -21.318
        0.0    44.268   -21.640   -21.511   -21.336
        2.0    44.264   -21.642   -21.521   -21.350
        4.0    44.258   -21.640   -21.528   -21.362
        6.0    44.252   -21.636   -21.532   -21.371
        8.0    44.245   -21.628   -21.534   -21.377
       10.0    44.236   -21.618   -21.533   -21.381
       12.0    44.227   -21.605   -21.529   -21.382
       14.0    44.218   -21.590   -21.524   -21.381
       16.0    44.207   -21.572   -21.515   -21.378
       18.0    44.196   -21.553   -21.505   -21.372
       20.0    44.185   -21.530   -21.493   -21.365
       22.0    44.172   -21.506   -21.478   -21.356
       24.0    44.159   -21.480   -21.462   -21.345
       26.0    44.146   -21.452   -21.444   -21.332
       28.0    44.132   -21.423   -21.424   -21.317
       30.0    44.118   -21.391   -21.403   -21.301
       32.0    44.103   -21.358   -21.380   -21.283
       34.0    44.088   -21.323   -21.356   -21.264
       36.0    44.073   -21.287   -21.330   -21.244
       38.0    44.057   -21.250   -21.302   -21.222
       40.0    44.040   -21.211   -21.274   -21.199
       42.0    44.024   -21.171   -21.244   -21.174
       44.0    44.007   -21.130   -21.213   -21.149
       46.0    43.990   -21.088   -21.181   -21.122
       48.0    43.973   -21.044   -21.149   -21.095
       50.0    43.956   -21.000   -21.115   -21.067
       52.0    43.938   -20.955   -21.080   -21.037
       54.0    43.921   -20.909   -21.044   -21.007
       56.0    43.903   -20.862   -21.008   -20.976
       58.0    43.885   -20.815   -20.971   -20.945
       60.0    43.867   -20.767   -20.933   -20.913
       62.0    43.849   -20.719   -20.895   -20.880
       64.0    43.831   -20.670   -20.856   -20.846
       66.0    43.813   -20.621   -20.817   -20.813
       68.0    43.794   -20.571   -20.778   -20.778
       70.0    43.776   -20.521   -20.738   -20.744
       72.0    43.758   -20.471   -20.697   -20.708
       74.0    43.740   -20.421   -20.657   -20.673
       76.0    43.722   -20.370   -20.616   -20.637
       78.0    43.704   -20.320   -20.575   -20.602
       80.0    43.686   -20.270   -20.534   -20.566
       82.0    43.668   -20.219   -20.493   -20.529
       84.0    43.651   -20.169   -20.452   -20.493
       86.0    43.633   -20.119   -20.411   -20.457
       88.0    43.616   -20.069   -20.370   -20.421
       90.0    43.598   -20.020   -20.329   -20.384
       92.0    43.581   -19.971   -20.288   -20.348
       94.0    43.564   -19.922   -20.247   -20.312
       96.0    43.547   -19.873   -20.207   -20.276
       98.0    43.530   -19.825   -20.167   -20.240
      100.0    43.514   -19.778   -20.127   -20.205
      102.0    43.498   -19.731   -20.088   -20.169
      104.0    43.482   -19.685   -20.049   -20.134
      106.0    43.466   -19.639   -20.010   -20.099
      108.0    43.450   -19.594   -19.972   -20.065
      110.0    43.435   -19.549   -19.934   -20.030
      112.0    43.419   -19.505   -19.896   -19.996
      114.0    43.404   -19.462   -19.859   -19.963
      116.0    43.390   -19.419   -19.823   -19.930
      118.0    43.375   -19.378   -19.787   -19.897
      120.0    43.361   -19.337   -19.751   -19.864
      122.0    43.347   -19.296   -19.716   -19.832
      124.0    43.333   -19.257   -19.682   -19.801
      126.0    43.319   -19.218   -19.648   -19.769
      128.0    43.306   -19.180   -19.615   -19.739
      130.0    43.293   -19.143   -19.582   -19.708
      132.0    43.280   -19.106   -19.550   -19.678
      134.0    43.268   -19.071   -19.518   -19.649
      136.0    43.255   -19.036   -19.487   -19.620
      138.0    43.243   -19.001   -19.456   -19.591
      140.0    43.231   -18.968   -19.426   -19.563
      142.0    43.219   -18.935   -19.397   -19.535
      144.0    43.208   -18.903   -19.368   -19.508
      146.0    43.197   -18.872   -19.339   -19.481
      148.0    43.185   -18.842   -19.311   -19.454
      150.0    43.175   -18.812   -19.284   -19.428
      152.0    43.164   -18.782   -19.257   -19.402
      154.0    43.153   -18.754   -19.230   -19.377
      156.0    43.143   -18.726   -19.204   -19.352
      158.0    43.133   -18.698   -19.178   -19.327
      160.0    43.123   -18.671   -19.153   -19.303
      162.0    43.113   -18.645   -19.128   -19.278
      164.0    43.103   -18.619   -19.103   -19.255
      166.0    43.093   -18.594   -19.079   -19.231
      168.0    43.084   -18.569   -19.055   -19.207
      170.0    43.074   -18.544   -19.032   -19.184
      172.0    43.065   -18.520   -19.008   -19.161
      174.0    43.056   -18.496   -18.985   -19.138
      176.0    43.047   -18.473   -18.962   -19.116
      178.0    43.037   -18.450   -18.939   -19.093
      180.0    43.028   -18.427   -18.917   -19.071
      182.0    43.019   -18.404   -18.894   -19.049
      184.0    43.011   -18.381   -18.872   -19.026
      186.0    43.002   -18.359   -18.850   -19.004
      188.0    42.993   -18.337   -18.827   -18.982
      190.0    42.984   -18.314   -18.805   -18.960
      192.0    42.975   -18.292   -18.783   -18.938
      194.0    42.966   -18.270   -18.761   -18.915
      196.0    42.957   -18.248   -18.739   -18.893
      198.0    42.948   -18.226   -18.716   -18.871
      200.0    42.939   -18.204   -18.694   -18.848
      202.0    42.930   -18.181   -18.671   -18.826
      204.0    42.921   -18.159   -18.649   -18.803
      206.0    42.912   -18.136   -18.626   -18.780
      208.0    42.903   -18.113   -18.603   -18.757
      210.0    42.894   -18.090   -18.580   -18.734
      212.0    42.884   -18.067   -18.557   -18.711
      214.0    42.875   -18.043   -18.533   -18.687
      216.0    42.865   -18.019   -18.509   -18.664
      218.0    42.856   -17.995   -18.485   -18.640
      220.0    42.846   -17.971   -18.461   -18.615
      222.0    42.836   -17.946   -18.436   -18.591
      224.0    42.826   -17.920   -18.411   -18.566
      226.0    42.816   -17.895   -18.386   -18.541
      228.0    42.806   -17.869   -18.361   -18.516
      230.0    42.796   -17.842   -18.335   -18.491
      232.0    42.786   -17.816   -18.309   -18.465
      234.0    42.775   -17.788   -18.283   -18.439
      236.0    42.764   -17.761   -18.256   -18.413
      238.0    42.754   -17.732   -18.229   -18.387
      240.0    42.743   -17.704   -18.201   -18.360
      242.0    42.732   -17.674   -18.174   -18.333
      244.0    42.721   -17.645   -18.146   -18.306
      246.0    42.709   -17.615   -18.117   -18.279
      248.0    42.698   -17.584   -18.089   -18.251
      250.0    42.687   -17.553   -18.060   -18.223
      252.0    42.675   -17.521   -18.031   -18.195
      254.0    42.663   -17.489   -18.001   -18.167
      256.0    42.652   -17.457   -17.971   -18.139
      258.0    42.640   -17.424   -17.941   -18.111
      260.0    42.628   -17.390   -17.911   -18.082
      262.0    42.616   -17.356   -17.880   -18.053
      264.0    42.604   -17.321   -17.849   -18.024
      266.0    42.592   -17.286   -17.818   -17.995
      268.0    42.580   -17.250   -17.786   -17.966
      270.0    42.567   -17.213   -17.755   -17.937
      272.0    42.555   -17.177   -17.723   -17.908
      274.0    42.543   -17.139   -17.690   -17.879
      276.0    42.530   -17.101   -17.658   -17.849
      278.0    42.518   -17.062   -17.625   -17.820
      280.0    42.505   -17.022   -17.592   -17.790
      282.0    42.493   -16.982   -17.558   -17.760
      284.0    42.480   -16.940   -17.524   -17.731
      286.0    42.467   -16.898   -17.490   -17.700
      288.0    42.454   -16.855   -17.455   -17.670
      290.0    42.441   -16.811   -17.419   -17.639
      292.0    42.428   -16.765   -17.383   -17.608
      294.0    42.415   -16.719   -17.346   -17.577
      296.0    42.401   -16.670   -17.308   -17.545
      298.0    42.388   -16.621   -17.270   -17.512
      300.0    42.374   -16.569   -17.230   -17.479
      302.0    42.360   -16.516   -17.189   -17.445
      304.0    42.345   -16.461   -17.147   -17.410
      306.0    42.331   -16.403   -17.103   -17.374
      308.0    42.315   -16.343   -17.057   -17.336
      310.0    42.300   -16.279   -17.009   -17.297
      312.0    42.284   -16.213   -16.959   -17.257
      314.0    42.267   -16.143   -16.907   -17.214
      316.0    42.249   -16.069   -16.851   -17.169
      318.0    42.231   -15.991   -16.793   -17.122
      320.0    42.212   -15.909   -16.731   -17.072
      322.0    42.193   -15.821   -16.665   -17.019
      324.0    42.172   -15.727   -16.595   -16.962
      326.0    42.150   -15.627   -16.520   -16.901
      328.0    42.127   -15.521   -16.440   -16.836
      330.0    42.102   -15.406   -16.354   -16.766
      332.0    42.076   -15.283   -16.261   -16.691
      334.0    42.048   -15.151   -16.161   -16.609
